Read_Data = [
    0.00, 0;
    0.05, 62;
    0.10, 40;
    0.20, 38;
    0.50, 40;
    1.00, 39;
    2.00, 38;
    3.00, 37;
    3.30, 36;
    3.60, 30;
    3.90, 15;
    4.35, 0
];
